((("void" .
   [9 0 0 0])
  ("select" .
   [0 0 0 1 0 0])
  ("d3" .
   [3 0])
  ("var" .
   [6 0 0])
  ("event" .
   [2 1 2 0 0])
  ("sourceEvent" .
   [0 0 1 0 0 0 0 0 0 0 0])
  ("d" .
   [1])
  ("Document" .
   [0 0 1 0 0 0 0 0])
  ("interface" .
   [5 0 0 0 0 0 0 0 0])
  ("extends" .
   [4 0 0 0 0 0 0])
  ("Event" .
   [3 2 1 1 0])
  ("string" .
   [1 0 0 0 0 0])
  ("mytype" .
   [1 0 0 0 0 0])
  ("x" .
   [1])
  ("import" .
   [1 0 0 0 0 0])
  ("D3" .
   [4 0])
  ("Connection" .
   [1 0 0 0 1 0 0 0 0 0])
  ("BlockUIGroup" .
   [1 1 0 0 0 2 0 1 0 0 0 0])
  ("blockDict" .
   [2 0 0 0 1 0 0 0 0])
  ("getValue" .
   [1 0 0 1 0 0 0 0])
  ("node1" .
   [5 0 0 0 0])
  ("node2" .
   [2 0 0 0 0])
  ("this" .
   [28 0 0 0])
  ("number" .
   [8 0 0 0 0 0])
  ("end1" .
   [4 0 0 0])
  ("end2" .
   [5 0 0 0])
  ("Snap" .
   [6 0 0 0])
  ("line" .
   [5 0 0 0])
  ("s" .
   [4])
  ("x1" .
   [1 0])
  ("y1" .
   [1 0])
  ("x2" .
   [1 0])
  ("y2" .
   [1 0])
  ("console" .
   [11 0 0 0 0 0 0])
  ("log" .
   [11 0 0])
  ("new" .
   [1 0 0])
  ("selectedNode" .
   [1 0 0 0 0 0 0 0 0 0 0 0])
  ("e" .
   [1])
  ("srcElement" .
   [0 0 1 0 0 0 0 0 0 0])
  ("parentNode" .
   [0 1 0 1 0 0 0 1 0 0])
  ("Node" .
   [1 0 0 0])
  ("connections" .
   [3 0 0 1 0 0 0 0 0 0 0])
  ("push" .
   [1 0 0 0])
  ("for" .
   [1 0 0])
  ("length" .
   [0 1 0 0 0 0])
  ("dx" .
   [3 0])
  ("lastDx" .
   [1 0 0 0 0 0])
  ("dy" .
   [3 0])
  ("lastDy" .
   [1 0 0 0 0 0])
  ("if" .
   [2 0])
  ("end" .
   [2 0 0])
  ("else" .
   [1 0 0 0])
  ("parseInt" .
   [4 0 0 0 1 0 0 0])
  ("parseFloat" .
   [1 0 0 0 0 0 0 0 0 0])
  ("Carrier" .
   [5 0 0 0 0 0 0])
  ("implements" .
   [1 0 0 0 1 0 0 0 0 0])
  ("boolean" .
   [7 0 0 0 0 0 0])
  ("class" .
   [2 0 0 0 0])
  ("UIComponent" .
   [1 0 0 0 0 0 0 0 0 0 0])
  ("any" .
   [4 0 0])
  ("Block" .
   [2 0 0 0 0])
  ("Package" .
   [1 0 0 0 0 0 0])
  ("constructor" .
   [1 0 0 0 0 0 0 0 0 0 0])
  ("block" .
   [2 0 0 0 0])
  ("canvase" .
   [3 0 0 0 0 0 0])
  ("pX" .
   [1 0])
  ("pY" .
   [1 0])
  ("selected" .
   [2 0 0 0 0 0 0 0])
  ("circ" .
   [2 0 0 0])))
